100,accuracy:0.157300,SGD,10e-5
[[   0  958    0    0    0    0    1   21    0    0]
 [   0 1131    0    0    0    0    0    4    0    0]
 [   0  967    0    0    0    0   20   45    0    0]
 [   0  962    0    0    0    0    1   47    0    0]
 [   0  965    0    0    0    0    3   14    0    0]
 [   0  845    0    0    0    0   28   19    0    0]
 [   0  815    0    0    0    0  129   14    0    0]
 [   0  715    0    0    0    0    0  313    0    0]
 [   0  927    0    0    0    0    0   47    0    0]
 [   0  991    0    0    0    0    0   18    0    0]]
https://blog.csdn.net/qq_18620653/article/details/105329219

软件链接：https://pan.baidu.com/s/1bMbPR4cWORZ8gXlcD8PfcQ
提取码：5336
500,accuracy:0.405100,SGD,10e-5
[[  78  651    0    0    0    0   29  222    0    0]
 [   0 1129    0    0    0    0    2    4    0    0]
 [   0  638    0   41    1    0  122  230    0    0]
 [   0  310    0  512    0    0   11  177    0    0]
 [   0  312    0    0  508    0    9  153    0    0]
 [   0  391    0   61   17    0  266  157    0    0]
 [   0  163    0    0    1    0  770   24    0    0]
 [   0   46    0    0    0    0    0  982    0    0]
 [   0  438    0    9    1    0   71  383   72    0]
 [   0  374    0    3   26    0    0  606    0    0]]
 
500 but 300,accuracy:0.727200,Adam,10e-3,very confusing loss plot???
[[ 845    1    0    1    6    0   26   98    3    0]
 [   0  912    0    2   94    0    1  126    0    0]
 [   2   13  277   12    8    0    3  716    1    0]
 [   0    0    0  936    1    2    0   71    0    0]
 [   0    1    0    0  971    0    0   10    0    0]
 [   0    0    0   52   17  777    2   44    0    0]
 [   1    7    0    1   62   21  856    7    3    0]
 [   0    0    0    0    0    0    0 1028    0    0]
 [   2    4    1   35   71    6    2  199  654    0]
 [   1    2    0   32  603    3    2  348    2   16]]
1000 but 650,accuracy:0.760200,1e-5
[[ 851   33    0    0   20    1    7   68    0    0]
 [   0 1130    0    0    1    0    0    4    0    0]
 [   5  210  592    0   38    0   11  176    0    0]
 [   0   80    0  784   17    1    4  118    6    0]
 [   0    6    0    0  974    0    0    2    0    0]
 [   1   52    0    7   43  737   12   34    6    0]
 [   2   22    0    0   23    0  909    2    0    0]
 [   0   16    0    0    8    0    0 1004    0    0]
 [   8  108    1    3   59    0   20  173  602    0]
 [   1   44    0    4  761    2    1  170    7   19]]
 1000 but 347,10e-5,accuracy:0.778100,confusing loss plot???
[[ 872   11    1    0    9    2    2   83    0    0]
 [   0 1131    0    0    0    0    0    4    0    0]
 [   3  135  727    0   17    0    0  150    0    0]
 [   0   90    0  769    3    8    0  139    1    0]
 [   0   13    0    0  967    0    0    2    0    0]
 [   1   32    0    2    4  827    3   23    0    0]
 [   2   46    0    0   16   10  876    8    0    0]
 [   0   18    0    0    0    0    0 1010    0    0]
 [  12  138    6    5   30   10   18  193  562    0]
 [   1   57    0    1  602   20    1  284    3   40]]

 valid 0.2
 accuracy:0.770700
[[ 883   10    0    0   11    0    5   71    0    0]
 [   0 1109    0    0   14    0    0   12    0    0]
 [   2   79  613    2   26    0    2  308    0    0]
 [   0   21    0  785    3    1    0  199    1    0]
 [   0    5    0    0  972    0    0    5    0    0]
 [   2   24    0    5    9  793    8   51    0    0]
 [   2   25    0    0   32    1  889    9    0    0]
 [   0    7    0    0    0    0    0 1021    0    0]
 [  11   66    8    7   43    4   18  222  595    0]
 [   1   23    0    9  542    0    1  383    3   47]]
===FINISH!===